100.069229	1.7464535052e-04	1.4992231982e-09
101.311469	1.7975854628e-04	1.5338001120e-09
102.569130	1.8398365683e-04	1.5691362917e-09
103.842404	1.9057008466e-04	1.6052469615e-09
105.131483	1.9430248202e-04	1.6421475951e-09
106.436566	1.9967818208e-04	1.6798539166e-09
107.757849	2.0474840573e-04	1.7183819030e-09
109.095534	2.0999278028e-04	1.7577477855e-09
110.449825	2.1511672730e-04	1.7979680505e-09
111.820928	2.2086706321e-04	1.8390594418e-09
113.209052	2.2661722147e-04	1.8810389609e-09
114.614408	2.3251186482e-04	1.9239238689e-09
116.037209	2.3853017268e-04	1.9677316869e-09
117.477673	2.4533361333e-04	2.0124801968e-09
118.936018	2.5154619861e-04	2.0581874423e-09
120.412467	2.5676765531e-04	2.1048717289e-09
121.907244	2.6470751680e-04	2.1525516246e-09
123.420578	2.7128960921e-04	2.2012459596e-09
124.952697	2.7837642191e-04	2.2509738264e-09
126.503836	2.8572197185e-04	2.3017545796e-09
128.074231	2.9308960067e-04	2.3536078351e-09
129.664120	3.0065119204e-04	2.4065534695e-09
131.273745	3.0862361119e-04	2.4606116191e-09
132.903352	3.1670816564e-04	2.5158026784e-09
134.553189	3.2505931073e-04	2.5721472990e-09
136.223507	3.3356280482e-04	2.6296663875e-09
137.914559	3.4251965421e-04	2.6883811035e-09
139.626604	3.5145036243e-04	2.7483128573e-09
141.359902	3.6078945137e-04	2.8094833069e-09
143.114717	3.7032099262e-04	2.8719143553e-09
144.891316	3.8007128547e-04	2.9356281469e-09
146.689969	3.9024193693e-04	3.0006470639e-09
148.510950	4.0055240140e-04	3.0669937220e-09
150.354537	4.1125081273e-04	3.1346909660e-09
152.221009	4.2212055311e-04	3.2037618650e-09
154.110652	4.3345182451e-04	3.2742297067e-09
156.023752	4.4500714540e-04	3.3461179919e-09
157.960601	4.5682943855e-04	3.4194504282e-09
159.921494	4.6919674705e-04	3.4942509231e-09
161.906729	4.8172341746e-04	3.5705435771e-09
163.916608	4.9471585217e-04	3.6483526755e-09
165.951438	5.0800859234e-04	3.7277026806e-09
168.011527	5.2163101034e-04	3.8086182223e-09
170.097190	5.3584862928e-04	3.8911240894e-09
172.208744	5.5038653098e-04	3.9752452187e-09
174.346511	5.6529356348e-04	4.0610066854e-09
176.510815	5.8066224827e-04	4.1484336908e-09
178.701986	5.9648034331e-04	4.2375515511e-09
180.920359	6.1276404374e-04	4.3283856843e-09
183.166269	6.2955470709e-04	4.4209615972e-09
185.440061	6.4678932099e-04	4.5153048711e-09
187.742078	6.6460112077e-04	4.6114411472e-09
190.072672	6.8294780517e-04	4.7093961107e-09
192.432198	7.0179290380e-04	4.8091954745e-09
194.821015	7.2120342699e-04	4.9108649620e-09
197.239486	7.4119945931e-04	5.0144302891e-09
199.687979	7.6182534976e-04	5.1199171448e-09
202.166867	7.8309290886e-04	5.2273511717e-09
204.676528	8.0498168930e-04	5.3367579452e-09
207.217344	8.2754789077e-04	5.4481629510e-09
209.789700	8.5078770804e-04	5.5615915633e-09
212.393989	8.7486040825e-04	5.6770690203e-09
215.030608	8.9956098113e-04	5.7946203994e-09
217.699957	9.2509534082e-04	5.9142705917e-09
220.402442	9.5145378651e-04	6.0360442743e-09
223.138476	9.7855246709e-04	6.1599658827e-09
225.908475	1.0065931450e-03	6.2860595813e-09
228.712859	1.0355394320e-03	6.4143492327e-09
231.552057	1.0653434163e-03	6.5448583664e-09
234.426500	1.0962441534e-03	6.6776101453e-09
237.336626	1.1280584521e-03	6.8126273321e-09
240.282877	1.1609605530e-03	6.9499322532e-09
243.265703	1.1949257980e-03	7.0895467623e-09
246.285557	1.2299494815e-03	7.2314922022e-09
249.342899	1.2662872249e-03	7.3757893648e-09
252.438194	1.3037682738e-03	7.5224584508e-09
255.571914	1.3425137538e-03	7.6715190270e-09
258.744535	1.3826576038e-03	7.8229899825e-09
261.956540	1.4240734540e-03	7.9768894836e-09
265.208418	1.4669847517e-03	8.1332349270e-09
268.500665	1.5113805699e-03	8.2920428916e-09
271.833781	1.5572058762e-03	8.4533290884e-09
275.208274	1.6048947773e-03	8.6171083100e-09
278.624656	1.6541337569e-03	8.7833943768e-09
282.083450	1.7051716965e-03	8.9522000835e-09
285.585180	1.7581246304e-03	9.1235371423e-09
289.130380	1.8128074105e-03	9.2974161258e-09
292.719589	1.8697345429e-03	9.4738464079e-09
296.353354	1.9286340816e-03	9.6528361027e-09
300.032228	1.9896512752e-03	9.8343920021e-09
303.756771	2.0532504794e-03	1.0018519512e-08
307.527549	2.1189994651e-03	1.0205222588e-08
311.345138	2.1874770125e-03	1.0394503665e-08
315.210117	2.2585883604e-03	1.0586363591e-08
319.123075	2.3321406901e-03	1.0780801556e-08
323.084608	2.4091017338e-03	1.0977815023e-08
327.095318	2.4887610836e-03	1.1177399648e-08
331.155817	2.5716879620e-03	1.1379549211e-08
335.266722	2.6582651348e-03	1.1584255537e-08
339.428659	2.7479042525e-03	1.1791508421e-08
343.642262	2.8418600889e-03	1.2001295543e-08
347.908171	2.9394413774e-03	1.2213602393e-08
352.227037	3.0408098866e-03	1.2428412189e-08
356.599516	3.1471862782e-03	1.2645705788e-08
361.026274	3.2574950215e-03	1.2865461609e-08
365.507986	3.3730921491e-03	1.3087655543e-08
370.045332	3.4939543278e-03	1.3312260869e-08
374.639004	3.6193733360e-03	1.3539248165e-08
379.289701	3.7519445693e-03	1.3768585219e-08
383.998131	3.8896576149e-03	1.4000236944e-08
388.765010	4.0335926194e-03	1.4234165284e-08
393.591065	4.1851040296e-03	1.4470329126e-08
398.477029	4.3426184437e-03	1.4708684209e-08
403.423647	4.5092559134e-03	1.4949183033e-08
408.431671	4.6836853483e-03	1.5191774768e-08
413.501864	4.8658618672e-03	1.5436405166e-08
418.634997	5.0592571672e-03	1.5683016462e-08
423.831852	5.2606353920e-03	1.5931547295e-08
429.093220	5.4729168072e-03	1.6181932608e-08
434.419901	5.6963792628e-03	1.6434103566e-08
439.812707	5.9290793344e-03	1.6687987464e-08
445.272458	6.1768417236e-03	1.6943507641e-08
450.799985	6.4353117232e-03	1.7200583396e-08
456.396130	6.7065013820e-03	1.7459129902e-08
462.061744	6.9931836339e-03	1.7719058123e-08
467.797690	7.2917105949e-03	1.7980274740e-08
473.604842	7.6078019011e-03	1.8242682067e-08
479.484082	7.9400381864e-03	1.8506177980e-08
485.436305	8.2873998749e-03	1.8770655844e-08
491.462419	8.6589089659e-03	1.9036004448e-08
497.563340	9.0469211937e-03	1.9302107934e-08
503.739996	9.4575273476e-03	1.9568845745e-08
509.993328	9.8987359903e-03	1.9836092562e-08
516.324288	1.0362946929e-02	2.0103718257e-08
522.733839	1.0874439273e-02	2.0371587845e-08
529.222957	1.1413832900e-02	2.0639561446e-08
535.792630	1.1985478771e-02	2.0907494246e-08
542.443857	1.2600611249e-02	2.1175236475e-08
549.177651	1.3247426322e-02	2.1442633380e-08
555.995038	1.3947705129e-02	2.1709525215e-08
562.897054	1.4697654155e-02	2.1975747235e-08
569.884751	1.5490237168e-02	2.2241129693e-08
576.959191	1.6353960069e-02	2.2505497858e-08
584.121452	1.7265062349e-02	2.2768672027e-08
591.372624	1.8243029430e-02	2.3030467561e-08
598.713811	1.9301086406e-02	2.3290694922e-08
606.146130	2.0419182447e-02	2.3549159722e-08
613.670712	2.1641893995e-02	2.3805662783e-08
621.288704	2.2938337890e-02	2.4060000215e-08
629.001263	2.4316506316e-02	2.4311963496e-08
636.809564	2.5821890019e-02	2.4561339572e-08
644.714797	2.7429476034e-02	2.4807910964e-08
652.718163	2.9207555122e-02	2.5051455897e-08
660.820882	3.1084670196e-02	2.5291748435e-08
669.024186	3.3064372561e-02	2.5528558632e-08
677.329324	3.5065453376e-02	2.5761652704e-08
685.737561	3.7154975602e-02	2.5990793208e-08
694.250176	3.9333465577e-02	2.6215739242e-08
702.868465	4.1646675504e-02	2.6436246660e-08
711.593740	4.4109863780e-02	2.6652068302e-08
720.427329	4.6770951652e-02	2.6862954245e-08
729.370576	4.9555788232e-02	2.7068652064e-08
738.424843	5.2488071033e-02	2.7268907121e-08
747.591508	5.5347465249e-02	2.7463462858e-08
756.871967	5.8283224031e-02	2.7652061124e-08
766.267631	6.1138996796e-02	2.7834442504e-08
775.779931	6.3916056671e-02	2.8010346679e-08
785.410315	6.6709849646e-02	2.8179512796e-08
795.160248	6.8918823122e-02	2.8341679861e-08
805.031216	7.0993650630e-02	2.8496587146e-08
815.024719	7.2769387888e-02	2.8643974619e-08
825.142281	7.4131396669e-02	2.8783583387e-08
835.385439	7.5250344347e-02	2.8915156161e-08
845.755755	7.5807475106e-02	2.9038437733e-08
856.254805	7.5900190097e-02	2.9153175472e-08
866.884189	7.5518086622e-02	2.9259119840e-08
877.645523	7.4556166905e-02	2.9356024917e-08
888.540447	7.3253077389e-02	2.9443648947e-08
899.570619	7.1570999451e-02	2.9521754891e-08
910.737717	6.9507883284e-02	2.9590111000e-08
922.043441	6.7118480587e-02	2.9648491397e-08
933.489512	6.4498626762e-02	2.9696676669e-08
945.077672	6.1738908392e-02	2.9734454473e-08
956.809686	5.8907034854e-02	2.9761620144e-08
968.687339	5.6141965124e-02	2.9777977315e-08
980.712439	5.3320088823e-02	2.9783338543e-08
992.886815	5.0588207146e-02	2.9777525937e-08
1005.212323	4.7874180877e-02	2.9760371783e-08
1017.690837	4.5156792744e-02	2.9731719182e-08
1030.324256	4.2654050119e-02	2.9691422673e-08
1043.114505	4.0198676790e-02	2.9639348861e-08
1056.063529	3.7915164723e-02	2.9575377036e-08
1069.173300	3.5795376045e-02	2.9499399779e-08
1082.445813	3.3733663029e-02	2.9411323569e-08
1095.883089	3.1882378754e-02	2.9311069365e-08
1109.487172	3.0103472952e-02	2.9198573180e-08
1123.260134	2.8419164399e-02	2.9073786631e-08
1137.204071	2.6899099944e-02	2.8936677477e-08
1151.321105	2.5425634930e-02	2.8787230121e-08
1165.613385	2.4087795597e-02	2.8625446098e-08
1180.083087	2.2837990766e-02	2.8451344525e-08
1194.732413	2.1634894349e-02	2.8264962523e-08
1209.563593	2.0583619434e-02	2.8066355606e-08
1224.578885	1.9562139221e-02	2.7855598028e-08
1239.780573	1.8613346082e-02	2.7632783094e-08
1255.170972	1.7736400245e-02	2.7398023423e-08
1270.752425	1.6882328997e-02	2.7151451173e-08
1286.527303	1.6114374210e-02	2.6893218210e-08
1302.498007	1.5385924196e-02	2.6623496229e-08
1318.666969	1.4698542401e-02	2.6342476827e-08
1335.036649	1.4104129849e-02	2.6050371510e-08
1351.609539	1.3536135496e-02	2.5747411654e-08
1368.388161	1.3039835143e-02	2.5433848399e-08
1385.375071	1.2586871471e-02	2.5109952485e-08
1402.572852	1.2153196069e-02	2.4776014024e-08
1419.984124	1.1773188173e-02	2.4432342208e-08
1437.611535	1.1397175928e-02	2.4079264956e-08
1455.457770	1.1036102477e-02	2.3717128488e-08
1473.525545	1.0694053411e-02	2.3346296839e-08
1491.817610	1.0353521242e-02	2.2967151305e-08
1510.336749	1.0034743905e-02	2.2580089818e-08
1529.085781	9.7235622778e-03	2.2185526264e-08
1548.067560	9.4177353899e-03	2.1783889728e-08
1567.284975	9.1350080702e-03	2.1375623675e-08
1586.740951	8.8536269571e-03	2.0961185077e-08
1606.438450	8.5871427952e-03	2.0541043466e-08
1626.380470	8.3332504602e-03	2.0115679941e-08
1646.570047	8.0812166437e-03	1.9685586111e-08
1667.010253	7.8523367737e-03	1.9251262988e-08
1687.704200	7.6267272320e-03	1.8813219827e-08
1708.655037	7.4102237396e-03	1.8371972926e-08
1729.865955	7.2104030245e-03	1.7928044377e-08
1751.340180	7.0126330203e-03	1.7481960782e-08
1773.080983	6.8318477493e-03	1.7034251937e-08
1795.091671	6.6590325567e-03	1.6585449487e-08
1817.375597	6.4906464711e-03	1.6136085554e-08
1839.936150	6.3415003277e-03	1.5686691353e-08
1862.776766	6.1940912759e-03	1.5237795795e-08
1885.900921	6.0572526754e-03	1.4789924079e-08
1909.312135	5.9303241782e-03	1.4343596292e-08
1933.013971	5.8051238692e-03	1.3899326005e-08
1957.010038	5.6946061514e-03	1.3457618896e-08
1981.303986	5.5865792725e-03	1.3018971377e-08
2005.899516	5.4832853394e-03	1.2583869256e-08
2030.800369	5.3885364616e-03	1.2152786427e-08
2056.010337	5.2932405598e-03	1.1726183599e-08
2081.533257	5.2032958995e-03	1.1304507069e-08
2107.373013	5.1139201509e-03	1.0888187548e-08
2133.533539	5.0228170759e-03	1.0477639036e-08
2160.018817	4.9353734502e-03	1.0073257768e-08
2186.832878	4.8459735729e-03	9.6754212216e-09
2213.979804	4.7583590600e-03	9.2844871970e-09
2241.463726	4.6759988372e-03	8.9007929762e-09
2269.288829	4.5935968030e-03	8.5246545618e-09
2297.459347	4.5222406799e-03	8.1563660013e-09
2325.979569	4.4555115805e-03	7.7961987998e-09
2354.853835	4.3944315155e-03	7.4444014237e-09
2384.086541	4.3464263018e-03	7.1011988986e-09
2413.682136	4.3007118835e-03	6.7667925025e-09
2443.645125	4.2640330434e-03	6.4413595551e-09
2473.980068	4.2323913263e-03	6.1250533057e-09
2504.691585	4.2023879721e-03	5.8180029176e-09
2535.784348	4.1841704081e-03	5.5203135502e-09
2567.263090	4.1700774508e-03	5.2320665366e-09
2599.132604	4.1654079533e-03	4.9533196558e-09
2631.397740	4.1767880325e-03	4.6841074968e-09
2664.063409	4.1956966919e-03	4.4244419125e-09
2697.134583	4.2347325330e-03	4.1743125583e-09
2730.616297	4.2826077466e-03	3.9336875142e-09
2764.513646	4.3393421209e-03	3.7025139837e-09
2798.831790	4.4061267610e-03	3.4807190659e-09
2833.575953	4.4760531322e-03	3.2682105952e-09
2868.751424	4.5497812243e-03	3.0648780439e-09
2904.363556	4.6249769786e-03	2.8705934792e-09
2940.417771	4.7016736693e-03	2.6852125724e-09
2976.919556	4.7817975613e-03	2.5085756499e-09
3013.874466	4.8652506515e-03	2.3405087818e-09
3051.288128	4.9529976062e-03	2.1808249008e-09
3089.166237	5.0478386122e-03	2.0293249435e-09
3127.514556	5.1478339240e-03	1.8857990094e-09
3166.338925	5.2576346470e-03	1.7500275279e-09
3205.645251	5.3764235885e-03	1.6217824291e-09
3245.439519	5.5038565041e-03	1.5008283108e-09
3285.727786	5.6472544010e-03	1.3869235939e-09
3326.516183	5.8013242262e-03	1.2798216628e-09
3367.810919	5.9715800841e-03	1.1792719820e-09
3409.618281	6.1593652419e-03	1.0850211853e-09
3451.944631	6.3615341899e-03	9.9681413119e-10
3494.796413	6.5861036834e-03	9.1439492014e-10
3538.180148	6.8275416976e-03	8.3750786873e-10
3582.102440	7.0888107732e-03	7.6589843736e-10
3626.569976	7.3733610697e-03	6.9931410733e-10
3671.589523	7.6786735153e-03	6.3750520462e-10
3717.167934	8.0101345592e-03	5.8022566764e-10
3763.312147	8.3676426212e-03	5.2723375687e-10
3810.029185	8.7530980549e-03	4.7829270494e-10
3857.326160	9.1727994282e-03	4.3317130596e-10
3905.210270	9.6286279659e-03	3.9164444356e-10
3953.688805	1.0128446792e-02	3.5349355763e-10
4002.769142	1.0682615582e-02	3.1850704996e-10
