3000000000000.00  12.87707323   0.19225647
3060604020080.27  12.87905212   0.19650283
3122432322577.16  12.88104194   0.20080307
3185509639636.08  12.88306543   0.20517670
3249861203024.87  12.88514357   0.20964200
3315512754226.95  12.88729466   0.21421465
3382490554738.13  12.88953387   0.21890740
3450821396571.68  12.89186803   0.22372597
3520532612975.43  12.89429934   0.22867203
3591652089365.43  12.89682920   0.23374630
3664208274480.51  12.89945832   0.23894866
3738230191762.14  12.90218812   0.24427980
3813747450964.21  12.90502545   0.24974638
3890790259997.32  12.90797750   0.25535547
3969389437012.32  12.91105002   0.26111252
4049576422728.01  12.91424751   0.26702154
4131383293007.87  12.91757512   0.27308741
4214842771690.78  12.92104102   0.27931851
4299988243681.02  12.92465229   0.28572205
4386853768302.67  12.92841442   0.29230345
4475474092923.81  12.93233162   0.29906669
4565884666855.91  12.93641086   0.30601893
4658121655534.02  12.94066233   0.31317114
4752221954983.45  12.94509448   0.32053226
4848223206578.68  12.94971381   0.32810912
4946163812100.39  12.95452565   0.33590723
5046082949096.66  12.95954024   0.34393792
5148020586554.57  12.96476985   0.35221497
5252017500888.30  12.97022427   0.36074939
5358115292250.21  12.97591099   0.36954956
5466356401171.54  12.98183713   0.37862361
5576784125539.03  12.98801709   0.38798861
5689442637914.86  12.99446542   0.39766200
5804377003206.10  13.00119361   0.40765771
5921633196691.34  13.00821038   0.41798642
6041258122411.43  13.01552615   0.42866134
6163299631931.66  13.02316007   0.43970714
6287806543483.09  13.03112931   0.45114628
6414828661490.47  13.03944735   0.46299678
6544416796494.61  13.04812443   0.47527279
6676622785477.41  13.05717643   0.48799674
6811499512597.22  13.06662769   0.50120325
6949100930343.28  13.07649860   0.51492202
7089482081117.38  13.08680499   0.52917697
7232699119251.62  13.09755954   0.54398827
7378809333470.84  13.10878562   0.55939387
7527871169808.91  13.12051247   0.57544207
7679944254987.83  13.13276360   0.59217324
7835089420269.36  13.14555705   0.60962008
7993368725788.26  13.15890920   0.62781415
8154845485377.14  13.17285351   0.64681846
8319584291892.89  13.18742533   0.66670090
8487651043054.67  13.20265251   0.68751798
8659112967803.87  13.21855619   0.70931577
8834038653196.59  13.23515858   0.73214886
9012498071839.31  13.25249898   0.75611961
9194562609879.02  13.27061270   0.78132598
9380305095558.47  13.28952661   0.80784981
9569799828348.56  13.30926007   0.83575893
9763122608669.01  13.32984385   0.86515490
9960350768209.64  13.35133066   0.89620060
10161563200863.99  13.37376453   0.92904183
10366840394288.01  13.39717855   0.96380110
10576264462096.17  13.42159563   1.00058527
10789919176707.86  13.44702512   1.03958899
11007890002857.74  13.47346391   1.08107362
11230264131782.59  13.50090114   1.12526560
11457130516099.01  13.52931905   1.17235589
11688579905385.64  13.55869306   1.22253076
11924704882484.23  13.58898761   1.27616731
12165599900534.01  13.62015810   1.33369562
12411361320754.16  13.65215344   1.39548454
12662087450989.68  13.68491647   1.46184634
12917878585035.63  13.71829530   1.53306412
13178837042756.28  13.75179390   1.60945777
13445067211014.20  13.78487293   1.69130867
13716675585426.47  13.81704085   1.77884014
13993770812964.37  13.84785700   1.87222563
14276463735413.55  13.87789264   1.97210633
14564867433712.33  13.90956174   2.08006523
14859097273185.37  13.94520438   2.19764243
15159270949691.62  13.98643450   2.32630358
15465508536704.06  14.02646886   2.46888197
15777932533340.70  14.05823853   2.62704984
16096667913365.92  14.08397789   2.79936240
16421842175181.59  14.10176650   2.98594687
16753585392828.15  14.11126983   3.19100273
17092030268015.95  14.10869140   3.41605659
17437312183207.80  14.08514454   3.65688557
17789569255773.46  14.04313495   3.91795126
18148942393238.86  13.97796519   4.20069951
18515575349650.67  13.87737305   4.50092328
18889614783079.97  13.74099782   4.81496448
19271210314287.39  13.55802946   5.14310564
19660514586573.43  13.30509398   5.48521239
20057683326837.79  12.99336483   5.80945550
20462875407872.22  12.64096682   6.08688779
20876252911911.85  12.24285924   6.32359844
21297981195469.92  11.79155426   6.52922945
21728228955483.05  11.28155254   6.70601640
22167168296791.96  10.71514114   6.80171197
22614974800985.76  10.12657403   6.78348001
23071827596636.98   9.55172990   6.67221630
23537909430955.32   8.98890457   6.45898111
24013406742889.11   8.50092044   6.15096305
24498509737702.99   8.09947199   5.81655647
24993412463063.11   7.76095956   5.44571157
25498312886658.39   7.47248245   5.02892520
26013412975390.38   7.26352053   4.60084902
26538918776162.65   7.12675283   4.18743990
27075040498302.35   7.04184920   3.79561827
27621992597646.73   7.00500021   3.41955501
28179993862328.31   7.01047576   3.07067478
28749267500293.19   7.04654149   2.75867891
29330041228586.76   7.09879756   2.47811413
29922547364444.19   7.16527921   2.22404021
30527022918220.02   7.24664411   1.99300067
31143709688195.54   7.33842025   1.78689751
31772854357301.33   7.43500398   1.60616373
32414708591793.75   7.53167138   1.44581778
33069529141924.77   7.62760794   1.30299665
33737577944645.48   7.72349790   1.17609817
34419122228384.55   7.81779944   1.06328209
35114434619942.60   7.90885644   0.96290193
35823793253547.34   7.99675300   0.87381665
36547481882110.43   8.08166304   0.79484708
37285789990732.62   8.16306213   0.72424528
38039012912501.61   8.24036204   0.66038193
38807451946629.19   8.31365680   0.60286973
39591414478975.16   8.38339106   0.55193975
40391214105005.14   8.44997582   0.50777157
41207170755233.83   8.51350914   0.46987502
42039610823200.88   8.57359032   0.43669710
42888867296032.82   8.62980504   0.40671675
43755279887642.37   8.68191366   0.37872525
44639195174618.48   8.73033899   0.35242987
45540966734861.65   8.77566024   0.32779799
46460955289019.74   8.81840666   0.30479179
47399528844781.28   8.85906034   0.28336937
48357062844082.70   8.89805269   0.26348534
49333940313291.20   8.93560939   0.24508016
50330552016419.65   8.97176201   0.22808241
51347296611437.64   9.00653387   0.21242285
52384580809739.95   9.03994940   0.19803506
53442819538836.55   9.07203407   0.18485536
54522436108329.12   9.10281388   0.17281732
55623862379240.52   9.13231374   0.16182517
56747538936765.20   9.16055859   0.15177749
57893915266508.34   9.18757421   0.14258042
59063449934287.24   9.21338718   0.13414714
60256610769563.02   9.23804852   0.12637765
61473875052578.81   9.26165757   0.11913832
62715729705278.23   9.28431228   0.11230268
63982671486080.64   9.30610259   0.10575661
65275207188591.38   9.32711555   0.09943685
66593853844325.02   9.34744668   0.09342246
67939138929526.27   9.36718643   0.08781224
69311600576166.60   9.38641697   0.08269272
70711787787204.41   9.40520909   0.07813216
72140260656193.48   9.42357777   0.07409473
73597590591328.02   9.44150243   0.07047970
75084360544013.36   9.45896464   0.06719745
76601165242054.47   9.47594208   0.06425528
78148611427555.17   9.49240838   0.06175612
79727318099621.70   9.50834122   0.05979407
81337916761973.73   9.52373871   0.05836081
82981051675550.59   9.53862930   0.05729020
84657380116225.84   9.55304256   0.05641716
86367572637728.31   9.56700630   0.05559514
88112313339868.25   9.58056376   0.05475677
89892300142191.25   9.59378068   0.05393793
91708245063150.48   9.60671853   0.05317857
93560874504928.53   9.61943254   0.05251398
95450929544003.52   9.63197216   0.05197521
97379166227591.45   9.64438155   0.05158938
99346355876077.31   9.65669991   0.05138002
101353285391548.66   9.66896195   0.05136719
103400757572572.47   9.68119625   0.05155330
105489591435319.72   9.69342437   0.05191356
107620622541188.50   9.70566460   0.05242254
109794703331034.53   9.71793262   0.05305704
112012703466161.09   9.73024177   0.05379588
114275510176197.55   9.74260319   0.05461982
116584028613997.44   9.75503418   0.05552087
118939182217718.20   9.76758960   0.05653868
121341913080202.12   9.78032969   0.05772266
123793182325832.72   9.79330674   0.05911605
126293970494991.44   9.80656574   0.06075647
128845277936289.31   9.82014505   0.06267638
131448125206722.56   9.83407347   0.06490727
134103553479902.59   9.84834911   0.06750375
136812624962546.77   9.86295680   0.07052540
139576423319367.64   9.87788102   0.07402357
142396054106561.03   9.89310604   0.07804197
145272645214035.44   9.90861355   0.08262165
148207347316590.88   9.92435600   0.08784852
151201334334197.28   9.94026990   0.09383049
154255803901581.00   9.95629681   0.10066107
157371977847297.88   9.97238334   0.10841985
160551102682473.59   9.98847901   0.11714227
163794450099433.34  10.00452382   0.12659289
167103317480386.81  10.02045714   0.13642879
170479028416407.56  10.03622523   0.14634184
173922933236877.69  10.05179298   0.15608037
177436409549647.16  10.06726431   0.16567737
181020862792086.84  10.08281414   0.17532051
184677726793285.78  10.09859805   0.18517895
188408464347605.84  10.11475259   0.19540227
192214567799809.97  10.13139680   0.20612210
196097559642030.44  10.14863369   0.21745356
200058993122775.34  10.16655158   0.22949670
204100452868259.56  10.18517908   0.24232606
208223555516266.75  10.20434329   0.25595548
212429950362830.09  10.22383613   0.27038052
216721320021977.16  10.24347004   0.28559331
221099381098787.59  10.26307640   0.30158282
225565884876070.19  10.28250409   0.31833524
230122618014886.81  10.30162035   0.33583494
234771403269253.53  10.32049535   0.35412736
239514100215253.38  10.33951636   0.37335910
244352605994904.94  10.35905849   0.39366868
249288856075032.69  10.37945201   0.41517606
254324825021484.41  10.40098600   0.43798439
259462527288989.38  10.42389907   0.46216143
264704018026954.62  10.44791451   0.48700207
270051393901566.47  10.47217560   0.51091290
275506793934470.28  10.49588393   0.53241081
281072400358422.75  10.51833436   0.55017973
286750439490198.56  10.53890869   0.56306331
292543182621162.62  10.55861325   0.57222560
298452946925803.00  10.58234914   0.58434752
304482096388637.25  10.61509468   0.60628295
310633042749844.50  10.66123367   0.64414833
316908246469978.62  10.72054971   0.70471283
323310217714202.62  10.74152165   0.75046480
329841517356370.38  10.77536078   0.80766701
336504758003428.50  10.78598291   0.83726987
343302605040478.00  10.83116579   0.87040729
350237777696970.38  10.85148736   0.90910716
357313050134443.31  10.89943670   0.95296225
364531252556205.00  10.92695595   0.99831439
371895272339473.25  10.96295247   1.03853299
379408055190344.38  11.00760547   1.09107775
387072606322135.88  11.04748027   1.15176907
394891991657490.38  11.08317256   1.21253076
402869339054807.38  11.11555392   1.27149264
411007839559409.25  11.15596556   1.33453558
419310748680009.50  11.18987252   1.40136232
427781387690969.25  11.22322624   1.46625058
436423144960830.25  11.26234286   1.53734560
445239477307731.50  11.29689142   1.60926037
454233911382158.19  11.33598103   1.68400814
463410045077673.88  11.37206251   1.76652777
472771548970100.38  11.41172973   1.84434072
482322167785822.88  11.45106269   1.93830611
492065721899707.81  11.48230866   2.03141890
502006108863312.88  11.51655293   2.12696996
512147304963970.88  11.54596434   2.22553944
522493366815332.56  11.57734442   2.32575875
533048432980095.19  11.60671790   2.43111872
543816725625453.31  11.63524535   2.53881646
554802552212051.75  11.66352512   2.64981529
566010307217001.12  11.69078933   2.76665281
577444473891738.00  11.71514729   2.88732198
589109626055398.00  11.73748728   3.01141387
601010429924375.62  11.75752180   3.13833998
613151645978906.50  11.77653490   3.26861791
625538130867289.00  11.79530670   3.40260620
638174839348642.38  11.80838967   3.54523309
651066826274842.00  11.81526661   3.68239446
664219248612562.88  11.82923768   3.81776157
677637367506103.62  11.84622197   3.96195416
691326550381927.38  11.86226942   4.11160726
705292273095719.00  11.87859589   4.26407698
719540122122766.25  11.90252729   4.41994668
734075796792664.00  11.93045210   4.59118763
748905111569081.25  11.95689948   4.77294009
764033998375666.25  11.98662948   4.96172870
779468508968851.75  12.02617410   5.16366288
795214817358682.38  12.07945148   5.38759283
811279222278462.12  12.15379986   5.65644664
827668149704348.00  12.19251301   6.02769773
844388155425844.00  12.10783980   6.44352594
861445927668163.25  11.94744733   6.77427742
878848289767654.62  11.80079752   7.04106700
896602202901180.25  11.67518627   7.30928582
914714768870728.25  11.54565486   7.59257654
933193232944184.00  11.40244707   7.87942362
952044986753553.25  11.25537818   8.16417575
971277571251733.00  11.10153927   8.46528471
990898679728946.88  10.92679029   8.78421186
1010916160890218.00  10.73070551   9.11013655
1031338021994899.75  10.51176252   9.45044844
1052172432059743.75  10.25166328   9.81167100
1073427725126557.00   9.93639640  10.17602001
1095112403595989.00   9.56865475  10.52218272
1117235141628552.88   9.14910994  10.84363400
1139804788614427.50   8.67622895  11.12628039
1162830372713355.50   8.17185586  11.34121581
1186321104465972.50   7.66730143  11.48843935
1210286380478210.00   7.17716598  11.58845993
1234735787179997.00   6.70485403  11.65716599
1259679104660028.00   6.24823610  11.70467162
1285126310577859.50   5.80187963  11.73896925
1311087584155177.00   5.36136529  11.76190133
1337573310247557.75   4.92696251  11.77459916
1364594083498576.50   4.49063565  11.78300985
1392160712577835.00   4.03876209  11.79019388
1420284224504504.75   3.56913515  11.78242606
1448975869058362.00   3.08456616  11.75389134
1478247123279768.00   2.56786868  11.70423860
1508109696060721.00   1.97524606  11.62172369
1538575532828495.75   1.36685979  11.42624721
1569656820324005.00   0.84478163  11.08339080
1601365991476691.50   0.45967837  10.70072855
1633715730377788.75   0.12550913  10.37049604
1666718977354215.25  -0.23093062  10.09087761
1700388934144787.75  -0.58459178   9.77269732
1734739069181185.00  -0.90510626   9.41380015
1769783122975405.00  -1.18302179   9.03571213
1805535113616250.50  -1.42305885   8.65284713
1842009342376665.25  -1.62594034   8.26851513
1879220399434469.75  -1.79502616   7.88467730
1917183169708667.25  -1.93033951   7.50520027
1955912838813517.75  -2.01593091   7.13946497
1995424899133093.00  -2.06327768   6.79749031
2035735156018327.50  -2.10913925   6.48659785
2076859734109481.00  -2.16464539   6.20282170
2118815083786096.00  -2.22207474   5.93555824
2161617987747484.75  -2.27421813   5.67600719
2205285567725930.25  -2.31528819   5.41751777
2249835291335650.00  -2.34599306   5.15936676
2295284979060124.00  -2.37081281   4.90400943
2341652811380413.00  -2.39360813   4.65340219
2388957336047725.00  -2.41645289   4.40829113
2437217475502628.00  -2.43482196   4.16548113
2486452534444416.00  -2.44277339   3.92141297
2536682207553124.50  -2.43553872   3.67400365
2587926587367716.00  -2.41127392   3.42600906
2640206172323421.50  -2.37006283   3.18235059
2693541874951255.50  -2.31243305   2.94763897
2747955030243460.00  -2.23903263   2.72808249
2803467404187631.00  -2.15322531   2.52841293
2860101202473561.00  -2.07386606   2.34602412
2917879079375651.00  -2.01479020   2.17401307
2976824146815085.00  -1.94870853   1.99892343
