2.6685127616e+02
2.7057638115e+02
2.7435348668e+02
2.7818331863e+02
2.8206661305e+02
2.8600411623e+02
2.8999658491e+02
2.9404478638e+02
2.9814949863e+02
3.0231151053e+02
3.0653162195e+02
3.1081064393e+02
3.1514939884e+02
3.1954872050e+02
3.2400945441e+02
3.2853245784e+02
3.3311860004e+02
3.3776876241e+02
3.4248383862e+02
3.4726473484e+02
3.5211236989e+02
3.5702767540e+02
3.6201159602e+02
3.6706508958e+02
3.7218912728e+02
3.7738469388e+02
3.8265278789e+02
3.8799442175e+02
3.9341062204e+02
3.9890242966e+02
4.0447090007e+02
4.1011710342e+02
4.1584212484e+02
4.2164706458e+02
4.2753303825e+02
4.3350117706e+02
4.3955262798e+02
4.4568855401e+02
4.5191013437e+02
4.5821856476e+02
4.6461505755e+02
4.7110084206e+02
4.7767716474e+02
4.8434528947e+02
4.9110649775e+02
4.9796208898e+02
5.0491338070e+02
5.1196170883e+02
5.1910842796e+02
5.2635491157e+02
5.3370255232e+02
5.4115276231e+02
5.4870697336e+02
5.5636663726e+02
5.6413322609e+02
5.7200823246e+02
5.7999316982e+02
5.8808957275e+02
5.9629899726e+02
6.0462302106e+02
6.1306324390e+02
6.2162128787e+02
6.3029879767e+02
6.3909744100e+02
6.4801890881e+02
6.5706491567e+02
6.6623720008e+02
6.7553752481e+02
6.8496767724e+02
6.9452946969e+02
7.0422473978e+02
7.1405535080e+02
7.2402319204e+02
7.3413017916e+02
7.4437825456e+02
7.5476938776e+02
7.6530557577e+02
7.7598884349e+02
7.8682124407e+02
7.9780485933e+02
8.0894180014e+02
8.2023420685e+02
8.3168424968e+02
8.4329412915e+02
8.5506607651e+02
8.6700235412e+02
8.7910525596e+02
8.9137710802e+02
9.0382026874e+02
9.1643712952e+02
9.2923011510e+02
9.4220168412e+02
9.5535432948e+02
9.6869057894e+02
9.8221299550e+02
9.9592417796e+02
1.0098267614e+03
1.0239234177e+03
1.0382168559e+03
1.0527098231e+03
1.0674051046e+03
1.0823055246e+03
1.0974139467e+03
1.1127332745e+03
1.1282664522e+03
1.1440164649e+03
1.1599863396e+03
1.1761791455e+03
1.1925979945e+03
1.2092460421e+03
1.2261264878e+03
1.2432425757e+03
1.2605975953e+03
1.2781948820e+03
1.2960378176e+03
1.3141298313e+03
1.3324744002e+03
1.3510750496e+03
1.3699353545e+03
1.3890589394e+03
1.4084494796e+03
1.4281107016e+03
1.4480463841e+03
1.4682603583e+03
1.4887565091e+03
1.5095387755e+03
1.5306111515e+03
1.5519776870e+03
1.5736424881e+03
1.5956097187e+03
1.6178836003e+03
1.6404684137e+03
1.6633684994e+03
1.6865882583e+03
1.7101321530e+03
1.7340047082e+03
1.7582105119e+03
1.7827542160e+03
1.8076405375e+03
1.8328742590e+03
1.8584602302e+03
1.8844033682e+03
1.9107086590e+03
1.9373811579e+03
1.9644259910e+03
1.9918483559e+03
2.0196535228e+03
2.0478468353e+03
2.0764337118e+03
2.1054196463e+03
2.1348102093e+03
2.1646110492e+03
2.1948278934e+03
2.2254665491e+03
2.2565329044e+03
2.2880329298e+03
2.3199726793e+03
2.3523582910e+03
2.3851959890e+03
2.4184920842e+03
2.4522529756e+03
2.4864851515e+03
2.5211951907e+03
2.5563897640e+03
2.5920756352e+03
2.6282596627e+03
2.6649488003e+03
2.7021500993e+03
2.7398707090e+03
2.7781178787e+03
2.8168989591e+03
2.8562214032e+03
2.8960927682e+03
2.9365207166e+03
2.9775130182e+03
3.0190775510e+03
3.0612223031e+03
3.1039553740e+03
3.1472849763e+03
3.1912194373e+03
3.2357672005e+03
3.2809368274e+03
3.3267369987e+03
3.3731765166e+03
3.4202643060e+03
3.4680094165e+03
3.5164210238e+03
3.5655084321e+03
3.6152810750e+03
3.6657485181e+03
3.7169204604e+03
3.7688067365e+03
3.8214173179e+03
3.8747623158e+03
3.9288519820e+03
3.9836967118e+03
4.0393070456e+03
4.0956936706e+03
4.1528674237e+03
4.2108392925e+03
4.2696204185e+03
4.3292220985e+03
4.3896557869e+03
4.4509330981e+03
4.5130658087e+03
4.5760658597e+03
4.6399453586e+03
4.7047165820e+03
4.7703919781e+03
4.8369841685e+03
4.9045059512e+03
4.9729703029e+03
5.0423903814e+03
5.1127795280e+03
5.1841512705e+03
5.2565193254e+03
5.3298976007e+03
5.4043001985e+03
5.4797414179e+03
5.5562357575e+03
5.6337979183e+03
5.7124428064e+03
5.7921855363e+03
5.8730414333e+03
5.9550260365e+03
6.0381551021e+03
6.1224446062e+03
6.2079107479e+03
6.2945699526e+03
6.3824388746e+03
6.4715344011e+03
6.5618736548e+03
6.6534739974e+03
6.7463530332e+03
6.8405286121e+03
6.9360188330e+03
7.0328420477e+03
7.1310168641e+03
7.2305621499e+03
7.3314970361e+03
7.4338409208e+03
7.5376134729e+03
7.6428346359e+03
7.7495246315e+03
7.8577039640e+03
7.9673934237e+03
8.0786140911e+03
8.1913873413e+03
8.3057348473e+03
8.4216785851e+03
8.5392408371e+03
