1.0006922856e+02
1.0131146885e+02
1.0256913008e+02
1.0384240367e+02
1.0513148344e+02
1.0643656559e+02
1.0775784879e+02
1.0909553415e+02
1.1044982527e+02
1.1182092831e+02
1.1320905196e+02
1.1461440751e+02
1.1603720887e+02
1.1747767262e+02
1.1893601801e+02
1.2041246703e+02
1.2190724440e+02
1.2342057764e+02
1.2495269712e+02
1.2650383604e+02
1.2807423050e+02
1.2966411954e+02
1.3127374516e+02
1.3290335236e+02
1.3455318919e+02
1.3622350679e+02
1.3791455938e+02
1.3962660438e+02
1.4135990238e+02
1.4311471722e+02
1.4489131598e+02
1.4668996911e+02
1.4851095037e+02
1.5035453694e+02
1.5222100945e+02
1.5411065199e+02
1.5602375219e+02
1.5796060125e+02
1.5992149399e+02
1.6190672887e+02
1.6391660808e+02
1.6595143755e+02
1.6801152700e+02
1.7009719001e+02
1.7220874404e+02
1.7434651050e+02
1.7651081479e+02
1.7870198633e+02
1.8092035866e+02
1.8316626944e+02
1.8544006053e+02
1.8774207802e+02
1.9007267233e+02
1.9243219818e+02
1.9482101474e+02
1.9723948561e+02
1.9968797891e+02
2.0216686734e+02
2.0467652822e+02
2.0721734356e+02
2.0978970008e+02
2.1239398935e+02
2.1503060777e+02
2.1769995667e+02
2.2040244236e+02
2.2313847618e+02
2.2590847461e+02
2.2871285927e+02
2.3155205703e+02
2.3442650004e+02
2.3733662584e+02
2.4028287739e+02
2.4326570314e+02
2.4628555712e+02
2.4934289898e+02
2.5243819411e+02
2.5557191364e+02
2.5874453457e+02
2.6195653981e+02
2.6520841826e+02
2.6850066492e+02
2.7183378089e+02
2.7520827353e+02
2.7862465648e+02
2.8208344975e+02
2.8558517982e+02
2.8913037970e+02
2.9271958902e+02
2.9635335409e+02
3.0003222803e+02
3.0375677081e+02
3.0752754935e+02
3.1134513762e+02
3.1521011669e+02
3.1912307488e+02
3.2308460779e+02
3.2709531840e+02
3.3115581722e+02
3.3526672229e+02
3.3942865935e+02
3.4364226190e+02
3.4790817131e+02
3.5222703690e+02
3.5659951607e+02
3.6102627436e+02
3.6550798558e+02
3.7004533191e+02
3.7463900398e+02
3.7928970103e+02
3.8399813094e+02
3.8876501040e+02
3.9359106499e+02
3.9847702931e+02
4.0342364704e+02
4.0843167115e+02
4.1350186391e+02
4.1863499708e+02
4.2383185198e+02
4.2909321965e+02
4.3441990093e+02
4.3981270661e+02
4.4527245756e+02
4.5079998480e+02
4.5639612972e+02
4.6206174411e+02
4.6779769036e+02
4.7360484154e+02
4.7948408160e+02
4.8543630541e+02
4.9146241900e+02
4.9756333961e+02
5.0373999588e+02
5.0999332798e+02
5.1632428776e+02
5.2273383885e+02
5.2922295690e+02
5.3579262961e+02
5.4244385699e+02
5.4917765143e+02
5.5599503791e+02
5.6289705413e+02
5.6988475066e+02
5.7695919111e+02
5.8412145232e+02
5.9137262447e+02
5.9871381129e+02
6.0614613020e+02
6.1367071250e+02
6.2128870352e+02
6.2900126283e+02
6.3680956438e+02
6.4471479669e+02
6.5271816305e+02
6.6082088167e+02
6.6902418589e+02
6.7732932436e+02
6.8573756123e+02
6.9425017636e+02
7.0286846546e+02
7.1159374035e+02
7.2042732914e+02
7.2937057642e+02
7.3842484345e+02
7.4759150843e+02
7.5687196664e+02
7.6626763069e+02
7.7577993071e+02
7.8541031461e+02
7.9516024826e+02
8.0503121572e+02
8.1502471948e+02
8.2514228069e+02
8.3538543938e+02
8.4575575468e+02
8.5625480509e+02
8.6688418871e+02
8.7764552347e+02
8.8854044738e+02
8.9957061880e+02
9.1073771666e+02
9.2204344074e+02
9.3348951192e+02
9.4507767244e+02
9.5680968617e+02
9.6868733888e+02
9.8071243851e+02
9.9288681542e+02
1.0052123227e+03
1.0176908365e+03
1.0303242562e+03
1.0431145047e+03
1.0560635290e+03
1.0691732999e+03
1.0824458131e+03
1.0958830887e+03
1.1094871721e+03
1.1232601339e+03
1.1372040707e+03
1.1513211049e+03
1.1656133852e+03
1.1800830871e+03
1.1947324132e+03
1.2095635932e+03
1.2245788846e+03
1.2397805730e+03
1.2551709723e+03
1.2707524250e+03
1.2865273029e+03
1.3024980072e+03
1.3186669687e+03
1.3350366486e+03
1.3516095386e+03
1.3683881612e+03
1.3853750705e+03
1.4025728521e+03
1.4199841236e+03
1.4376115353e+03
1.4554577704e+03
1.4735255452e+03
1.4918176099e+03
1.5103367488e+03
1.5290857807e+03
1.5480675596e+03
1.5672849746e+03
1.5867409509e+03
1.6064384501e+03
1.6263804702e+03
1.6465700467e+03
1.6670102528e+03
1.6877041997e+03
1.7086550373e+03
1.7298659547e+03
1.7513401802e+03
1.7730809828e+03
1.7950916715e+03
1.8173755966e+03
1.8399361502e+03
1.8627767662e+03
1.8859009212e+03
1.9093121351e+03
1.9330139713e+03
1.9570100375e+03
1.9813039864e+03
2.0058995157e+03
2.0308003692e+03
2.0560103371e+03
2.0815332568e+03
2.1073730131e+03
2.1335335392e+03
2.1600188171e+03
2.1868328781e+03
2.2139798038e+03
2.2414637263e+03
2.2692888289e+03
2.2974593470e+03
2.3259795686e+03
2.3548538347e+03
2.3840865405e+03
2.4136821355e+03
2.4436451246e+03
2.4739800684e+03
2.5046915845e+03
2.5357843475e+03
2.5672630901e+03
2.5991326038e+03
2.6313977396e+03
2.6640634085e+03
2.6971345829e+03
2.7306162965e+03
2.7645136457e+03
2.7988317901e+03
2.8335759535e+03
2.8687514242e+03
2.9043635565e+03
2.9404177710e+03
2.9769195556e+03
3.0138744664e+03
3.0512881285e+03
3.0891662366e+03
3.1275145562e+03
3.1663389246e+03
3.2056452513e+03
3.2454395193e+03
3.2857277856e+03
3.3265161828e+03
3.3678109194e+03
3.4096182810e+03
3.4519446312e+03
3.4947964125e+03
3.5381801478e+03
3.5821024404e+03
3.6265699760e+03
3.6715895230e+03
3.7171679342e+03
3.7633121470e+03
3.8100291853e+03
3.8573261599e+03
3.9052102702e+03
3.9536888046e+03
4.0027691424e+03
